1 2 327 20
1 3 664 20
1 4 231 20
1 5 355 20
1 6 612 20
1 7 816 20
1 8 451 20
1 9 612 20
1 10 806 20
2 3 362 20
2 4 456 20
2 5 267 20
2 6 407 20
2 7 599 20
2 8 571 20
2 9 568 20
2 10 660 20
3 4 709 20
3 5 395 20
3 6 243 20
3 7 323 20
3 8 709 20
3 9 543 20
3 10 476 20
4 5 321 20
4 6 576 20
4 7 766 20
4 8 237 20
4 9 464 20
4 10 699 20
5 6 265 20
5 7 467 20
5 8 333 20
5 9 307 20
5 10 454 20
6 7 205 20
6 8 512 20
6 9 304 20
6 10 264 20
7 8 662 20
7 9 399 20
7 10 198 20
8 9 286 20
8 10 543 20
9 10 258 20